Belgrade  (1812,1260)  (1770,1278)  (1770,1236)  (1853,1302)  (1854,1233) 
Sea Zone 1  (133,85)  (186,32)  (194,90)  (158,141)  (130,28)  (96,138)  (74,31)  (74,85)  (214,143)
Sea Zone 2  (515,43)  (566,72)  (512,96)  (461,97)  (565,16)  (461,28)  (402,27)  (350,25)  (573,132)
Sea Zone 3  (762,69)  (813,26)  (817,81)  (787,135)  (724,123)  (705,66)  (757,12)  (701,14)  (844,136)
Sea Zone 4  (1167,141)  (1218,114)  (1110,141)  (1055,120)  (1269,81)  (999,122)  (1002,69)  (1289,134)  (1343,148)
Sea Zone 5  (1733,94)  (1783,54)  (1784,107)  (1727,146)  (1675,144)  (1677,88)  (1725,42)  (1834,107)  (1834,56)
Sea Zone 6  (2125,35)  (2178,25)  (2074,43)  (2023,53)  (1970,61)  (1912,47)  (1913,97)  (1915,146)
Asia  (3439,1161)
Minsk  (2429,560)  (2481,556)  (2439,611)  (2377,559)  (2378,612)  (2362,507)  (2415,507)  (2319,445)  (2320,559)  (2322,609)  (2490,618)  (2551,607)  (2545,659)
Gomel  (2460,735)  (2512,761)  (2406,783)  (2406,732)  (2408,681)  (2353,737)  (2354,686)  (2304,704)  (2564,720)  (2565,780)
Moscow  (2770,299)  (2819,313)  (2817,362)  (2720,296)  (2720,345)  (2769,349)  (2769,398)
Wales  (382,486)  (378,541)
Marseilles  (933,1228)  (982,1230)  (958,1178)  (880,1196)  (879,1246)  (942,1279)  (992,1279)
Kazakhstan  (3383,882)  (3434,874)  (3378,933)  (3331,886)  (3358,832)  (3431,930)
Bavaria  (1307,883)  (1356,877)  (1294,832)  (1257,935)  (1242,810)  (1343,824)  (1311,937)  (1360,934)
Silesia  (1687,644)  (1701,693)  (1650,694)  (1683,593)  (1622,743)  (1733,577)  (1679,744)  (1733,761)
Pskov  (2235,171)  (2178,119)  (2231,102)  (2180,178)  (2187,237)  (2237,232)
Varna  (2135,1302)  (2084,1291)  (2140,1252)  (2082,1344)  (2132,1351)  (2189,1266)  (2184,1317)
Kars  (3077,1446)  (3055,1495)  (3108,1506)  (3134,1451)  (3024,1432)  (3033,1377)  (3084,1382)  (3143,1393)  (3167,1513)  (3212,1574)  (3015,1325)
Baku  (3383,1513)  (3349,1459)  (3330,1514)  (3383,1565)  (3273,1468)  (3275,1517)  (3271,1568)  (3375,1614)
Sinai  (2592,2211)  (2540,2213)  (2539,2262)  (2590,2261)  (2640,2257)
Warsaw  (1862,653)  (1914,633)  (1853,600)  (1864,706)  (1919,689)  (1797,629)  (1803,680)  (1801,735)  (1910,582)
Donetsk  (2737,754)  (2788,766)  (2731,806)  (2679,787)  (2683,735)  (2733,703)  (2681,684)  (2631,692)  (2629,743)  (2786,816)  (2731,863)  (2850,778)  (2791,876)  (2847,835)
Constantinople  (2186,1447)  (2136,1469)  (2136,1419)  (2186,1397)  (2239,1439)
Tuscany  (1273,1280)  (1324,1278)  (1220,1260)  (1254,1330)  (1310,1330)  (1373,1309)
Venice  (1313,1136)  (1363,1127)  (1282,1185)  (1332,1186)  (1296,1235)
Picardy  (790,757)  (839,784)  (740,729)  (740,779)  (689,759)  (789,810)
Astrakhan  (3174,972)  (3227,945)  (3228,997)  (3173,1024)  (3124,979)  (3175,920)  (3225,890)  (3122,1034)  (3136,1087)  (3186,1079)  (3232,1047)  (3147,1147)  (3281,951)  (3281,1002)
Mecklenburg  (1414,483)  (1465,492)  (1359,448)  (1353,508)  (1413,433)  (1520,486)
Milan  (1194,1149)  (1243,1147)  (1171,1099)  (1220,1093)  (1185,1198)  (1234,1203)
Finland  (1965,4)
Sea Zone 7  (57,267)  (58,318)  (107,268)  (7,268)  (8,320)  (56,214)  (6,215)  (107,215)
London  (561,510)  (575,565)  (510,510)  (525,560)  (457,526)  (469,575)  (623,512)
Sea Zone 8  (246,261)  (194,261)  (196,208)  (246,209)  (280,312)
Sea Zone 9  (595,265)  (646,266)  (595,317)  (595,213)  (644,214)  (542,214)  (543,265)  (544,315)  (646,316)
Ouargla  (979,2182)  (1032,2167)  (1045,2228)  (976,2251)  (1096,2243)
Hanover  (1111,524)  (1160,520)  (1058,540)  (1052,489)  (1111,573)  (1163,576)  (1111,474)
Grodno  (2229,419)  (2178,420)  (2175,367)  (2225,368)  (2181,474)  (2181,317)  (2232,317)  (2233,475)  (2184,529)  (2236,530)
Bosnia  (1690,1227)  (1639,1202)  (1657,1152)  (1706,1175)  (1608,1254)  (1661,1278)  (1610,1303)
Sweden  (1494,92)
Lublin  (2082,633)  (2022,636)  (2025,586)  (2076,582)  (2057,529)  (2112,527)  (2000,687)  (2052,692)  (2103,695)  (2120,747)
Bengasi  (1675,2273)  (1621,2266)  (1564,2255)  (1755,2274)
Sicily  (1419,1723)  (1477,1719)  (1486,1769)
Comte  (990,952)  (940,959)  (991,902)  (969,1008)
Normandy  (574,854)  (625,847)  (570,804)  (576,907)  (625,907)  (625,797)
Westphalia  (1184,701)  (1133,708)  (1126,652)  (1183,650)  (1146,762)  (1195,753)
Wurttemburg  (1147,889)  (1197,885)  (1131,839)  (1180,835)  (1104,939)  (1154,940)
Gibraltar  (231,1755)
Cyprus  (2507,1964)
Kiev  (2535,854)  (2584,871)  (2531,905)  (2479,831)  (2477,881)  (2481,938)  (2536,955)  (2588,922)  (2591,972)  (2471,990)  (2645,892)  (2643,948)
Smolensk  (2533,341)  (2585,347)  (2572,401)  (2516,393)  (2458,383)  (2481,331)  (2536,283)  (2592,293)  (2451,443)  (2501,456)  (2641,353)
Odessa  (2300,875)  (2246,872)  (2240,819)  (2297,817)  (2302,927)  (2312,982)  (2355,889)  (2360,943)  (2185,783)  (2187,841)  (2409,912)
Rome  (1376,1426)  (1426,1415)  (1397,1364)  (1347,1375)  (1297,1387)  (1436,1464)  (1491,1438)
Alexandria  (2170,2224)  (2119,2195)  (2117,2244)  (2067,2210)  (2169,2273)  (2065,2269)  (2226,2275)  (2227,2224)
Tindouf  (507,2238)  (561,2270)  (562,2218)  (502,2186)  (453,2267)  (397,2272)  (599,2160)  (613,2231)
Jerusalem  (2748,2153)  (2696,2124)  (2694,2176)  (2701,2070)  (2749,2102)  (2748,2203)  (2697,2229)  (2722,2278)  (2773,2266)
Languedoc  (747,1232)  (800,1230)  (745,1181)  (800,1179)  (697,1233)  (698,1282)  (750,1283)  (749,1333)  (801,1281)
Voronezh  (2902,612)  (2956,581)  (2964,635)  (2948,694)  (2898,664)  (2843,669)  (2850,616)  (2897,557)  (2895,717)
Holstein  (1242,456)  (1291,445)  (1213,406)  (1192,456)  (1188,355)  (1233,505)  (1282,505)
Baghdad  (3186,2069)  (3179,2015)  (3229,2011)  (3129,2015)  (3132,2068)  (3235,2068)  (3167,2118)
Kazan  (3313,274)  (3314,224)  (3372,229)  (3381,283)  (3350,341)  (3300,335)  (3240,310)  (3248,248)  (3249,191)  (3194,209)  (3181,274)  (3182,334)  (3195,392)  (3258,383)  (3407,343)  (3429,230)
Brest  (2241,659)  (2191,645)  (2186,593)  (2243,599)  (2176,695)  (2231,712)
Brandenburg  (1587,605)  (1573,553)  (1565,656)  (1511,690)  (1537,604)  (1626,555)
Sofia  (1972,1330)  (2022,1333)  (1967,1280)  (2021,1281)  (1967,1381)  (2017,1383)
Scotland  (378,192)  (428,177)  (327,171)  (346,118)  (349,244)  (355,299)  (404,280)
Bucovina  (2022,1016)  (1969,1025)  (2073,1057)  (2030,966)  (2081,981)  (2122,1112)
Netherlands  (944,577)
Romania  (2244,1116)
Rhone  (895,1089)  (900,1140)  (897,1039)  (944,1087)  (949,1136)  (995,1086)
Persia  (3344,1803)
Galicia  (2114,836)  (2129,890)  (2064,793)  (2062,844)  (2008,800)  (1957,783)  (1906,787)  (2075,917)
Tver  (2706,153)  (2741,89)  (2774,147)  (2801,209)  (2751,217)  (2690,217)  (2629,191)  (2650,133)  (2562,171)  (2826,137)  (2871,192)
Alsace  (1044,858)  (1048,907)  (992,828)  (1046,956)
Basra  (3297,2190)  (3256,2139)  (3308,2135)  (3205,2149)  (3229,2199)  (3293,2239)
Skopje  (1882,1393)  (1830,1394)  (1815,1343)  (1875,1343)  (1841,1443)
Tsaritsyn  (3079,844)  (3027,833)  (3128,880)  (3034,895)  (3081,924)
Cairo  (2423,2237)  (2474,2203)  (2422,2186)  (2372,2229)  (2316,2230)  (2316,2279)  (2372,2279)  (2476,2257)
Ankara  (2575,1597)  (2626,1610)  (2572,1651)  (2521,1632)  (2524,1581)  (2582,1546)  (2641,1555)  (2627,1661)  (2681,1609)  (2691,1557)
Aydin  (2278,1675)  (2328,1700)  (2330,1650)  (2274,1625)  (2224,1636)  (2223,1688)  (2277,1732)  (2226,1740)  (2381,1687)  (2382,1636)
Montenegro  (1718,1332)
Tunis  (1181,1997)  (1212,2053)  (1155,2054)  (1145,1944)  (1196,1946)  (1103,2108)  (1165,2112)  (1173,2165)  (1166,2215)
Van  (3075,1728)  (3128,1747)  (3073,1678)  (3021,1752)  (3018,1697)  (3123,1692)
Crimea  (2559,1102)  (2548,1154)  (2507,1094)  (2610,1114)  (2661,1119)  (2545,1044)
Champagne  (896,881)  (846,849)  (897,822)  (946,869)
Portugal  (58,1607)
Yaroslavl  (2965,90)  (2978,35)  (3039,23)  (3040,83)  (3004,153)  (3058,145)  (3073,216)  (2912,79)  (2892,24)  (2831,23)  (3094,46)  (3116,111)
Agadir  (199,2243)  (261,2222)  (137,2247)  (142,2195)  (304,2163)  (322,2227)  (70,2246)  (385,2195)
Ulyanovsk  (3285,476)  (3339,501)  (3286,530)  (3235,533)  (3227,475)  (3176,485)  (3174,539)  (3180,592)  (3346,448)  (3343,555)  (3416,463)  (3411,520)
Samara  (3336,661)  (3386,659)  (3407,711)  (3352,720)  (3299,717)  (3274,662)  (3342,610)  (3439,634)  (3292,778)  (3416,773)
Athens  (1941,1657)  (1993,1684)  (1891,1642)  (1891,1692)  (1941,1708)  (1915,1757)
India  (3440,2127)  (3441,2178)  (3389,2172)  (3387,2121)  (3387,2069)  (3436,2072)
Belgium  (864,724)  (920,707)  (921,757)  (866,671)  (812,684)  (917,656)
Bursa  (2326,1543)  (2376,1544)  (2332,1592)  (2276,1562)  (2382,1593)  (2428,1542)  (2402,1491)  (2337,1461)
Mosul  (3127,1901)  (3179,1929)  (3179,1876)  (3125,1849)  (3074,1856)  (3070,1906)  (3123,1953)  (3233,1907)  (3179,1825)
Saxony  (1308,665)  (1359,676)  (1306,615)  (1256,657)  (1254,606)  (1267,555)  (1284,714)  (1338,728)  (1389,727)  (1438,702)
Crete  (2132,1963)  (2054,1942)  (2193,1960)
Algiers  (957,1955)  (893,1970)  (884,2026)  (954,2013)  (1019,1954)  (1015,2017)  (890,2087)  (969,2080)  (1021,2068)
Erzurum  (2991,1552)  (2941,1584)  (2940,1530)  (2883,1542)  (2887,1487)  (2943,1479)  (2992,1603)  (3049,1571)  (3047,1625)  (3101,1579)  (3106,1629)
Sea Zone 54  (3420,2224)  (3368,2229)  (3340,2278)  (3390,2278)  (3439,2276)
Sea Zone 55  (2250,1506)  (2199,1513)  (2300,1501)
Sea Zone 52  (2314,2085)  (2262,2084)  (2365,2085)  (2261,2032)  (2315,2031)  (2370,2033)  (2311,2138)  (2257,2137)  (2363,2137)  (2208,2035)  (2209,2085)  (2206,2137)  (2422,2016)  (2422,2069)  (2423,2122)
Brittany  (444,917)  (494,937)  (443,866)  (391,895)  (393,845)  (328,877)  (496,874)
Sea Zone 53  (2568,2067)  (2516,2062)  (2618,2067)  (2559,2011)  (2609,2012)  (2658,2012)  (2556,2118)  (2500,2115)  (2606,2119)  (2542,2167)
Sea Zone 58  (2516,1284)  (2567,1283)  (2621,1282)  (2513,1230)  (2567,1230)  (2622,1227)  (2566,1332)  (2509,1335)  (2456,1229)  (2452,1282)  (2448,1340)  (2618,1336)
Sea Zone 59  (2674,1060)  (2723,1039)  (2623,1056)  (2671,1010)
Sea Zone 56  (2311,1277)  (2367,1277)  (2255,1280)  (2265,1224)  (2314,1219)  (2369,1216)  (2236,1332)  (2285,1334)  (2334,1331)  (2383,1331)
Sea Zone 57  (2379,1112)  (2429,1111)  (2372,1060)  (2422,1060)  (2471,1056)  (2329,1109)  (2486,1148)
Sea Zone 61  (3323,1101)  (3374,1102)  (3272,1103)  (3334,1046)  (3384,1048)  (3417,995)  (3436,1050)
Aquitaine  (638,1238)  (586,1237)  (551,1176)  (600,1183)  (649,1188)  (551,1286)  (612,1292)
Sea Zone 62  (3356,1280)  (3408,1278)  (3303,1280)  (3297,1220)  (3354,1222)  (3409,1228)  (3331,1335)  (3393,1336)
Oran  (655,2040)  (712,1999)  (711,2063)  (778,2002)  (768,2069)  (593,2011)  (591,2076)  (647,2091)  (656,1988)
Sea Zone 60  (2792,1321)  (2843,1323)  (2738,1320)  (2792,1375)  (2842,1379)  (2791,1269)  (2739,1265)  (2737,1212)  (2788,1214)  (2893,1324)  (2896,1376)  (2739,1370)  (2948,1375)
Limousin  (716,1090)  (664,1086)  (664,1034)  (713,1038)  (655,1136)  (707,1139)
Naples  (1532,1531)  (1582,1499)  (1530,1481)  (1581,1549)  (1632,1508)  (1580,1598)  (1585,1647)
Kuwait  (3253,2272)
Diyarbakr  (2870,1696)  (2921,1716)  (2819,1666)  (2768,1648)  (2817,1606)  (2872,1638)  (2921,1665)  (2823,1750)  (2872,1766)  (2923,1772)
Croatia  (1573,1179)  (1566,1128)  (1618,1129)  (1522,1179)  (1551,1229)
Sardinia  (1103,1566)  (1106,1514)  (1089,1616)
Evros  (2066,1411)  (2018,1462)  (2071,1460)
Burgundy  (841,976)  (890,943)  (840,926)  (790,944)  (790,888)  (893,993)
Sea Zone 63  (3434,1457)  (3431,1406)
Sea Zone 64  (3434,1657)
Switzerland  (1111,1033)
Spain  (342,1515)
Vologda  (2478,36)  (2529,13)  (2497,91)  (2591,10)  (2551,68)  (2649,15)  (2698,4)
Reggane  (759,2192)  (818,2162)  (826,2224)  (769,2256)  (701,2255)  (700,2174)
Adana  (2540,1771)  (2489,1744)  (2589,1761)  (2439,1766)  (2644,1777)  (2383,1790)  (2540,1821)  (2665,1725)  (2728,1778)  (2727,1721)
Fes  (406,2076)  (461,2092)  (433,2142)  (355,2024)  (419,2019)  (351,2112)  (479,2022)  (511,2119)
Rhine  (1053,701)  (999,700)  (1000,648)  (1051,649)  (984,751)  (1034,766)  (1083,767)
Estonia  (2068,120)  (2117,128)  (2012,131)  (2065,175)  (2065,231)  (2120,181)  (2122,231)  (2112,290)
Saratov  (3096,684)  (3151,666)  (3156,719)  (3099,737)  (3167,776)  (3047,759)  (3090,631)  (3203,653)
Sea Zone 38  (930,1865)  (986,1864)  (930,1812)  (987,1811)  (879,1810)  (878,1861)  (1037,1811)  (1036,1864)  (1086,1810)  (1085,1864)
Sea Zone 39  (1261,1858)  (1312,1858)  (1259,1805)  (1312,1807)  (1313,1915)  (1204,1806)  (1208,1856)  (1145,1806)  (1145,1857)  (1368,1808)  (1367,1860)  (1370,1916)
Sea Zone 32  (629,1667)  (625,1614)  (579,1697)  (578,1746)  (516,1744)  (629,1734)
Sea Zone 33  (817,1666)  (816,1718)  (813,1614)  (869,1616)  (872,1668)  (870,1719)  (760,1611)  (760,1666)  (761,1716)  (924,1613)  (926,1666)  (926,1720)
Sea Zone 30  (947,1473)  (999,1474)  (945,1420)  (999,1422)  (893,1419)  (892,1471)  (889,1524)  (945,1525)  (1001,1524)
Sea Zone 31  (1225,1472)  (1224,1522)  (1175,1474)  (1173,1422)  (1225,1420)  (1171,1523)  (1278,1474)  (1277,1525)  (1332,1523)  (1386,1523)
Sea Zone 36  (345,1868)  (396,1867)  (344,1815)  (399,1815)  (344,1922)  (398,1920)  (292,1818)  (290,1868)  (291,1923)  (457,1815)  (456,1868)  (451,1924)
Sea Zone 37  (635,1855)  (688,1854)  (637,1805)  (690,1803)  (635,1907)  (687,1906)  (581,1805)  (580,1856)  (581,1908)  (747,1804)  (746,1854)
Sea Zone 34  (1105,1679)  (1107,1729)  (1159,1667)  (1161,1720)  (1046,1677)  (1048,1730)  (1029,1617)  (1168,1611)  (1224,1614)  (1222,1671)  (995,1672)  (991,1728)  (1218,1728)
Sea Zone 35  (1404,1652)  (1456,1653)  (1403,1602)  (1455,1603)  (1351,1601)  (1350,1652)  (1297,1604)  (1297,1655)  (1298,1708)  (1509,1604)  (1509,1655)
Austria  (1535,986)  (1588,982)  (1534,935)  (1587,932)  (1483,989)  (1453,938)  (1527,1038)  (1578,1036)
Danzig  (1661,450)  (1712,450)  (1661,500)  (1710,499)  (1611,454)  (1666,399)  (1716,399)  (1764,450)
Belfast  (197,350)
Petersburg  (2301,59)  (2284,5)  (2335,4)  (2350,57)  (2301,109)  (2384,6)
Kastamonu  (2599,1468)  (2595,1415)  (2657,1421)  (2653,1475)  (2545,1487)  (2541,1434)  (2487,1484)  (2708,1495)  (2711,1443)  (2768,1524)  (2766,1472)
Sea Zone 40  (1475,1251)  (1406,1240)  (1402,1185)  (1440,1301)  (1490,1301)  (1540,1312)  (1488,1350)
Arabia  (2968,2159)
Salonika  (1891,1535)  (1892,1484)  (1947,1478)  (1841,1533)  (1838,1587)  (1904,1585)
Dagestan  (3166,1277)  (3216,1254)  (3216,1303)  (3164,1326)  (3113,1293)  (3165,1227)  (3063,1283)  (3218,1354)  (3274,1386)
Tobruk  (1904,2210)  (1960,2207)  (1962,2260)  (1902,2262)  (1845,2265)  (1848,2205)  (1892,2155)  (1958,2154)
Trieste  (1417,1111)  (1468,1118)  (1452,1167)  (1394,1060)  (1443,1060)  (1364,1008)  (1416,1009)
Sea Zone 49  (1960,2053)  (2010,2053)  (2060,2053)  (1958,2003)  (2010,2004)  (2060,2003)  (1898,2009)  (1902,2064)  (2117,2015)  (2118,2066)  (2052,2107)  (2114,2124)
Hungary  (1742,1066)  (1795,1066)  (1845,1058)  (1691,1083)  (1636,1078)  (1894,1018)  (1685,1019)  (1746,1013)  (1804,1006)  (1855,966)  (1904,967)
Berlin  (1422,560)  (1473,550)  (1427,621)  (1372,586)  (1478,602)
Sea Zone 43  (1530,1878)  (1581,1880)  (1529,1824)  (1582,1828)  (1468,1828)  (1471,1877)  (1469,1931)  (1642,1823)  (1638,1874)  (1637,1929)
Sea Zone 44  (1387,2061)  (1437,2060)  (1387,2009)  (1438,2007)  (1385,2110)  (1438,2110)  (1335,2007)  (1333,2058)  (1330,2110)  (1495,2008)  (1493,2060)  (1493,2114)
Sea Zone 41  (1633,1454)  (1683,1454)  (1628,1403)  (1679,1403)  (1574,1404)  (1709,1503)
Auvergne  (836,1077)  (782,1082)  (777,1031)  (832,1026)  (771,1131)  (837,1130)
Sea Zone 42  (1689,1672)  (1742,1672)  (1686,1621)  (1739,1620)  (1687,1726)  (1741,1724)  (1633,1679)  (1632,1728)  (1794,1672)  (1797,1728)
Sea Zone 47  (2060,1630)  (2110,1627)  (2060,1580)  (2006,1603)  (2065,1527)  (2054,1683)  (2104,1682)  (2059,1741)  (2109,1741)  (2158,1742)
Sea Zone 48  (2153,1872)  (2100,1868)  (2203,1870)  (2096,1919)  (2155,1923)  (2208,1921)  (2100,1814)  (2156,1819)  (2205,1819)  (2257,1841)  (2259,1891)  (2269,1948)
Banat  (1965,1122)  (1907,1140)  (1930,1071)  (2016,1111)  (2066,1111)
Sea Zone 45  (1821,1882)  (1874,1882)  (1925,1880)  (1819,1829)  (1874,1827)  (1821,1936)  (1873,1933)  (1926,1934)  (1766,1830)  (1766,1886)  (1766,1938)  (1980,1878)  (1981,1931)
Sea Zone 46  (1678,2082)  (1730,2082)  (1785,2081)  (1676,2134)  (1728,2140)  (1778,2133)  (1679,2031)  (1732,2030)  (1784,2027)  (1624,2034)  (1623,2084)  (1618,2139)  (1621,2197)  (1676,2194)
Albania  (1769,1453)  (1768,1399)  (1771,1508)
Sea Zone 50  (2446,1905)  (2395,1902)  (2496,1905)  (2344,1902)  (2441,1851)  (2348,1951)  (2404,1952)
Sea Zone 51  (2663,1897)  (2611,1846)  (2661,1846)  (2609,1948)  (2663,1949)
Vladimir  (2987,369)  (3009,317)  (3049,368)  (3054,419)  (2992,431)  (2932,413)  (2933,361)  (2945,307)  (2949,251)  (2884,282)  (2880,396)  (3076,317)  (2988,487)  (3050,474)  (3041,535)  (3113,373)  (3111,425)  (3106,476)  (3100,541)
Vojvodina  (1820,1167)  (1767,1169)  (1871,1183)  (1761,1119)  (1817,1117)
Aleppo  (2775,1936)  (2825,1937)  (2724,1927)  (2769,1878)  (2822,1884)  (2824,1834)  (2731,1987)  (2784,1990)  (2775,2046)
Loire  (563,1040)  (614,1021)  (540,988)  (591,971)  (550,1090)  (599,1089)
Piedmont  (1064,1168)  (1115,1168)  (1062,1118)  (1113,1117)  (1066,1219)  (1117,1218)
Zor  (2932,1894)  (2932,1838)  (2982,1816)  (3031,1801)  (2882,1850)  (2880,1899)  (2982,1867)  (2983,1917)
Corsica  (1107,1388)
Sea Zone 18  (120,669)  (173,668)  (123,618)  (173,617)  (122,722)  (174,721)  (63,617)  (63,671)  (67,725)  (227,721)
Sea Zone 19  (380,720)  (431,720)  (485,719)  (431,670)  (483,667)  (327,720)  (327,774)  (381,773)  (432,771)  (532,661)
Sea Zone 16  (779,487)  (721,487)  (721,436)  (776,434)  (668,435)  (696,547)  (745,547)  (794,547)
Sea Zone 17  (935,462)  (933,410)  (882,461)  (880,410)  (884,512)  (983,410)
Czechia  (1506,813)  (1558,809)  (1562,862)  (1507,865)  (1451,843)  (1449,789)  (1505,762)  (1614,850)  (1663,813)
Sea Zone 10  (847,276)  (895,227)  (845,226)  (896,276)  (849,326)  (795,228)  (794,279)  (796,330)  (900,328)  (949,226)  (949,277)  (950,328)
Sea Zone 11  (1053,336)  (1105,336)  (1053,388)  (1104,390)  (1051,284)  (1101,283)  (1051,221)  (1102,216)
Kirov  (3307,30)  (3360,16)  (3368,76)  (3305,94)  (3250,82)  (3253,26)  (3184,16)  (3182,66)  (3190,123)  (3371,133)  (3425,26)  (3427,90)  (3432,144)
Sea Zone 14  (1751,273)  (1803,275)  (1750,325)  (1801,325)  (1740,212)  (1791,210)  (1840,209)
Sea Zone 15  (241,476)  (290,485)  (245,421)  (295,423)  (363,412)  (244,541)
Koenigsberg  (1860,460)  (1909,461)  (1857,509)  (1907,510)  (1803,523)  (1818,402)  (1867,410)  (1916,411)  (1858,350)
Sea Zone 12  (1314,319)  (1371,318)  (1310,373)  (1363,369)  (1315,269)  (1370,266)  (1317,214)  (1371,214)
Sea Zone 13  (1561,297)  (1612,298)  (1560,347)  (1611,348)  (1562,246)  (1612,247)  (1508,295)  (1506,347)  (1664,247)  (1664,300)
Malta  (1552,1956)
Tyrol  (1264,1051)  (1313,1057)  (1264,1100)  (1203,994)  (1253,1001)  (1311,1007)
Krasnodar  (2975,1154)  (3028,1160)  (3007,1209)  (2951,1207)  (2920,1154)  (2947,1104)  (2999,1103)  (3052,1107)  (3078,1161)  (2896,1207)  (3056,1211)  (2988,1258)
Ireland  (164,446)  (112,426)  (109,476)  (54,421)  (59,489)  (34,541)  (162,498)
Rabat  (193,2099)  (259,2078)  (199,2041)  (264,2025)  (139,2122)
Tripoli  (1345,2228)  (1395,2242)  (1399,2189)  (1295,2184)  (1274,2238)  (1454,2191)  (1452,2249)
Vienna  (1702,870)  (1655,921)  (1751,876)  (1706,934)  (1755,931)  (1804,921)
Rostov  (2948,944)  (3000,958)  (2946,996)  (2891,975)  (2896,921)  (2949,887)  (2948,834)  (2832,1009)  (2884,1030)  (2822,1063)  (2793,1119)  (3001,1016)  (3053,982)  (3053,1032)
Slovakia  (1887,877)  (1937,870)  (1834,869)  (1848,816)  (1796,815)  (1746,818)  (1941,925)  (1992,909)
Lithuania  (2027,390)  (2078,364)  (1973,369)  (2027,338)  (1968,319)  (2015,441)  (1915,320)  (1913,269)  (2019,288)  (2080,416)  (2078,468)
Sea Zone 29  (715,1491)  (767,1491)  (711,1541)  (786,1440)  (652,1541)  (771,1546)
Novgorod  (2397,206)  (2446,177)  (2451,233)  (2401,280)  (2343,264)  (2341,212)  (2362,156)  (2340,343)  (2503,218)
Sea Zone 27  (60,1914)  (115,1912)  (63,1861)  (120,1858)  (59,1963)  (117,1964)  (56,2021)  (110,2021)  (33,2078)  (177,1847)  (9,1859)  (9,1917)  (8,1971)  (179,1902)
Sea Zone 28  (984,1343)  (1035,1342)  (934,1344)  (1085,1289)  (884,1323)  (1136,1285)  (833,1328)  (1163,1340)
Sea Zone 21  (102,877)  (152,828)  (153,881)  (153,931)  (99,928)  (102,825)  (49,828)  (46,881)  (45,934)  (208,827)  (207,880)  (204,934)  (262,934)  (314,939)
Sea Zone 22  (69,1064)  (120,1064)  (69,1011)  (67,1115)  (122,1011)  (17,1010)  (16,1065)  (15,1117)  (118,1115)
Sea Zone 20  (679,606)  (678,656)  (728,602)  (729,652)  (623,655)  (622,705)  (673,705)  (595,755)  (785,613)
Sea Zone 25  (376,1204)  (375,1254)  (322,1205)  (319,1256)  (425,1204)  (425,1255)  (476,1203)  (475,1255)
Sea Zone 26  (11,1513)  (9,1462)  (10,1409)  (10,1563)
Sea Zone 23  (326,1075)  (323,1022)  (324,1130)  (385,1021)  (385,1077)  (383,1131)  (265,1018)  (267,1074)  (264,1135)  (207,1016)  (209,1078)  (203,1143)  (444,1021)  (440,1079)  (436,1134)
Sea Zone 24  (89,1232)  (139,1233)  (36,1231)  (188,1234)  (12,1283)  (10,1334)  (237,1234)
Tula  (2718,479)  (2776,502)  (2719,546)  (2660,537)  (2659,480)  (2687,424)  (2775,448)  (2830,467)  (2779,556)  (2602,501)  (2652,593)  (2708,609)  (2827,525)
Norway  (1144,26)
Denmark  (1200,252)
Manchester  (521,384)  (470,362)  (473,311)  (468,411)  (450,460)  (521,433)  (570,432)
Paris  (738,914)  (688,906)  (687,854)  (736,864)  (658,957)  (707,964)  (757,980)